0000000000000000000000000000000000000000000000000000000000000000000000000000000000000000000000000000
0000000000000000000000000000000000000000000000000000000000000000000000000000000000000000000000000000
0000000000000000000000000000000000000000000000000000000000000000000000000000000000000000000000000000
0000000000000000000000000000000000000000000000000000000000000000000000000000000000000000000000000000
0000000001111111111111111111111111111111111111111111111111111111111111111111111111111111110000000000
0000000001000000000000000000000000000000000000000000000000000000000000000000000000000000010000000000
0000000001000000000000000000000000000000000000000000000000000000000000000000000000000000010000000000
0000000001000000000000000000000000000000000000000000000000000000000000000000000000000000010000000000
0000000001000000000000000000000000000000000000000000000000000000000000000000000000000000010000000000
0000000001000000000000000000000000000000000000000000000000000000000000000000000000000000010000000000
0000000001000000000000000000000000000000000000000000000000000000000000000000000000000000010000000000
0000000001000000000000000000000000000000000000000000000000000000000000000000000000000000010000000000
0000000001000000000000000000000000000000000000000000000000000000000000000000000000000000010000000000
0000000001000000000000000000000000000000000000000000000000000000000000000000000000000000010000000000
0000000001000000000000000000000000000000000000000000000000000000000000000000000000000000010000000000
0000000001000000000000000000000000000000000000000000000000000000000000000000000000000000010000000000
0000000001000000000000000000000000000000000000000000000000000000000000000000000000000000010000000000
0000000001000000000000000000000000000000000000000000000000000000000000000000000000000000010000000000
0000000001000000000000000000000000000000000000000000000000000000000000000000000000000000010000000000
0000000001000000000000000000000000000000000000000000000000000000000000000000000000000000010000000000
0000000001000000000000000000000000000000000000000000000000000000000000000000000000000000010000000000
0000000001000000000000000000000000000000000000000000000000000000000000000000000000000000010000000000
0000000001000000000000000000000000000000000000000000000000000000000000000000000000000000010000000000
0000000001000000000000000000000000000000000000000000000000000000000000000000000000000000010000000000
0000000001000000000000000000000000000000000000000000000000000000000000000000000000000000010000000000
0000000001000000000000000000000000000000000000000000000000000000000000000000000000000000010000000000
0000000001000000000000000000000000000000000000000000000000000000000000000000000000000000010000000000
0000000001000000000000000000000000000000000000000000000000000000000000000000000000000000010000000000
0000000001000000000000000000000000000000000000000000000000000000000000000000000000000000010000000000
0000000001000000000000000000000000000000000000000000000000000000000000000000000000000000010000000000
0000000001000000000000000000000000000000000000000000000000000000000000000000000000000000010000000000
0000000001000000000000000000000000000000000000000000000000000000000000000000000000000000010000000000
0000000001000000000000000000000000000000222222222222222222220000000000000000000000000000010000000000
0000000001000000000000000000000000000000200000000000000000020000000000000000000000000000010000000000
0000000001000000000000000000000000000000200000000000000000020000000000000000000000000000010000000000
0000000001000000000000000000000000000000200000000000000000020000000000000000000000000000010000000000
0000000001000000000000000000000000000000200000000000000000020000000000000000000000000000010000000000
0000000001000000000000000000000000000000200000000000000000020000000000000000000000000000010000000000
0000000001000000000000000000000000000000200000000000000000020000000000000000000000000000010000000000
0000000001000000000000000000000000000000200000000000000000020000000000000000000000000000010000000000
0000000001000000000000000000000000000000200000000000000000020000000000000000000000000000010000000000
0000000001000000000000000000000000000000200000000000000000020000000000000000000000000000010000000000
0000000001000000000000000000000000000000200000000000000000020000000000000000000000000000010000000000
0000000001000000000000000000000000000000200000000000000000020000000000000000000000000000010000000000
0000000001000000000000000000000000000000200000000000000000020000000000000000000000000000010000000000
0000000001000000000000000000000000000000200000000000000000020000000000000000000000000000010000000000
0000000001000000000000000000000000000000200000000000000000020000000000000000000000000000010000000000
0000000001000000000000000000000000000000200000000000000000020000000000000000000000000000010000000000
0000000001000000000000000000000000000000200000000000000000020000000000000000000000000000010000000000
0000000001000000000000000000000000000000200000000000000000020000000000000000000000000000010000000000
0000000001000000000000000000000000000000200000000000000000020000000000000000000000000000010000000000
0000000001000000000000000000000000000000200000000000000000020000000000000000000000000000010000000000
0000000001000000000000000000000000000000200000000000000000020000000000000000000000000000010000000000
0000000001000000000000000000000000000000200000000000000000020000000000000000000000000000010000000000
0000000001000000000000000000000000000000200000000000000000020000000000000000000000000000010000000000
0000000001000000000000000000000000000000200000000000000000020000000000000000000000000000010000000000
0000000001000000000000000000000000000000200000000000000000020000000000000000000000000000010000000000
0000000001000000000000000000000000000000200000000000000000020000000000000000000000000000010000000000
0000000001000000000000000000000000000000200000000000000000020000000000000000000000000000010000000000
0000000001000000000000000000000000000000200000000000000000020000000000000000000000000000010000000000
0000000001000000000000000000000000000000200000000000000000020000000000000000000000000000010000000000
0000000001000000000000000000000000000000200000000000000000020000000000000000000000000000010000000000
0000000001000000000000000000000000000000200000000000000000020000000000000000000000000000010000000000
0000000001000000000000000000000000000000200000000000000000020000000000000000000000000000010000000000
0000000001000000000000000000000000000000200000000000000000020000000000000000000000000000010000000000
0000000001000000000000000000000000000000200000000000000000020000000000000000000000000000010000000000
0000000001000000000000000000000000000000222222222222222222220000000000000000000000000000010000000000
0000000001000000000000000000000000000000000000000000000000000000000000000000000000000000010000000000
0000000001000000000000000000000000000000000000000000000000000000000000000000000000000000010000000000
0000000001000000000000000000000000000000000000000000000000000000000000000000000000000000010000000000
0000000001000000000000000000000000000000000000000000000000000000000000000000000000000000010000000000
0000000001000000000000000000000000000000000000000000000000000000000000000000000000000000010000000000
0000000001000000000000000000000000000000000000000000000000000000000000000000000000000000010000000000
0000000001000000000000000000000000000000000000000000000000000000000000000000000000000000010000000000
0000000001000000000000000000000000000000000000000000000000000000000000000000000000000000010000000000
0000000001000000000000000000000000000000000000000000000000000000000000000000000000000000010000000000
0000000001000000000000000000000000000000000000000000000000000000000000000000000000000000010000000000
0000000001000000000000000000000000000000000000000000000000000000000000000000000000000000010000000000
0000000001000000000000000000000000000000000000000000000000000000000000000000000000000000010000000000
0000000001000000000000000000000000000000000000000000000000000000000000000000000000000000010000000000
0000000001000000000000000000000000000000000000000000000000000000000000000000000000000000010000000000
0000000001000000000000000000000000000000000000000000000000000000000000000000000000000000010000000000
0000000001000000000000000000000000000000000000000000000000000000000000000000000000000000010000000000
0000000001000000000000000000000000000000000000000000000000000000000000000000000000000000010000000000
0000000001000000000000000000000000000000000000000000000000000000000000000000000000000000010000000000
0000000001000000000000000000000000000000000000000000000000000000000000000000000000000000010000000000
0000000001000000000000000000000000000000000000000000000000000000000000000000000000000000010000000000
0000000001000000000000000000000000000000000000000000000000000000000000000000000000000000010000000000
0000000001000000000000000000000000000000000000000000000000000000000000000000000000000000010000000000
0000000001000000000000000000000000000000000000000000000000000000000000000000000000000000010000000000
0000000001000000000000000000000000000000000000000000000000000000000000000000000000000000010000000000
0000000001000000000000000000000000000000000000000000000000000000000000000000000000000000010000000000
0000000001000000000000000000000000000000000000000000000000000000000000000000000000000000010000000000
0000000001000000000000000000000000000000000000000000000000000000000000000000000000000000010000000000
0000000001111111111111111111111111111111111111111111111111111111111111111111111111111111110000000000
0000000000000000000000000000000000000000000000000000000000000000000000000000000000000000000000000000
0000000000000000000000000000000000000000000000000000000000000000000000000000000000000000000000000000
0000000000000000000000000000000000000000000000000000000000000000000000000000000000000000000000000000
0000000000000000000000000000000000000000000000000000000000000000000000000000000000000000000000000000
0000000000000000000000000000000000000000000000000000000000000000000000000000000000000000000000000000

