0000000000000000000000000000000000000000000000000000000000000000000000000000000000000000000000000000
0000000000000000000000000000000000000000000000000000000000000000000000000000000000000000000000000000
0000000000000000000000000000000000000000000000000000000000000000000000000000000000000000000000000000
0000000000000000000000000000000000000000000000000000000000000000000000000000000000000000000000000000
0000000000000000000000000000000000000000000000000000000000000000000000000000000000000000000000000000
0000000011111111111111111111111111111111111111111111111111111111111111111111111111111111110000000000
0000000010000000000000000000000000000000000000000000000000000000000000000000000000000000010000000000
0000000010000000000000000000000000000000000000000000000000000000000000000000000000000000010000000000
0000000010000000000000000000000000000000000000000000000000000000000000000000000000000000010000000000
0000000010000000000000000000000000000000000000000000000000000000000000000000000000000000010000000000
0000000010000000000000000000000000000000000000000000000000000000000000000000000000000000010000000000
0000000010000000000000000000000000000000000000000000000000000000000000000000000000000000010000000000
0000000010000000000000000000000000000000000000000000000000000000000000000000000000000000010000000000
0000000010000000000000000000000000000000000000000000000000000000000000000000000000000000010000000000
0000000010000000000000000000000000000000000000000000000000000000000000000000000000000000010000000000
0000000010000000000000000000000000000000000000000000000000000000000000000000000000000000010000000000
0000000010000000000000000000000000000000000000000000000000000000000000000000000000000000010000000000
0000000010000000000000000000000000000000000000000000000000000000000000000000000000000000010000000000
0000000010000000000000000000000000000000000000000000000000000000000000000000000000000000010000000000
0000000010000000000000000000000000000000000000000000000000000000000000000000000000000000010000000000
0000000010000000000000000000000000000000000000000000000000000000000000000000000000000000010000000000
0000000010000000000000000000000000000000000000000000000000000000000000000000000000000000010000000000
0000000010000000000000000000000000000000000000000000000000000000000000000000000000000000010000000000
0000000010000000000000000000000000000000000000000000000000000000000000000000000000000000010000000000
0000000010000000000000000000000000000000000000000000000000000000000000000000000000000000010000000000
0000000010000000000000000000000000000000000000000000000000000000000000000000000000000000010000000000
0000000010000000000000000000000000000000000000000000000000000000000000000000000000000000010000000000
0000000010000000000000000000000000000000000000000000000000000000000000000000000000000000010000000000
0000000010000000000000000000000000000000000000000000000000000000000000000000000000000000010000000000
0000000010000000000000000000000000000000000000000000000000000000000000000000000000000000010000000000
0000000010000000000000000000000000000000000000000000000000000000000000000000000000000000010000000000
0000000010000000000000000000000000000000000000000000000000000000000000000000000000000000010000000000
0000000010000000000000000000000000000000000000000000000000000000000000000000000000000000010000000000
0000000010000000000000000000000000000000222222222222222222222200000000000000000000000000010000000000
0000000010000000000000000000000000000000200000000000000000000200000000000000000000000000010000000000
0000000010000000000000000000000000000000200000000000000000000200000000000000000000000000010000000000
0000000010000000000000000000000000000000200000000000000000000200000000000000000000000000010000000000
0000000010000000000000000000000000000000200000000000000000000200000000000000000000000000010000000000
0000000010000000000000000000000000000000200000000000000000000200000000000000000000000000010000000000
0000000010000000000000000000000000000000200000000000000000000200000000000000000000000000010000000000
0000000010000000000000000000000000000000200000000000000000000200000000000000000000000000010000000000
0000000010000000000000000000000000000000200000000000000000000200000000000000000000000000010000000000
0000000010000000000000000000000000000000200000000000000000000200000000000000000000000000010000000000
0000000010000000000000000000000000000000200000000000000000000200000000000000000000000000010000000000
0000000010000000000000000000000000000000200000000000000000000200000000000000000000000000010000000000
0000000010000000000000000000000000000000200000000000000000000200000000000000000000000000010000000000
0000000010000000000000000000000000000000200000000000000000000200000000000000000000000000010000000000
0000000010000000000000000000000000000000200000000000000000000200000000000000000000000000010000000000
0000000010000000000000000000000000000000200000000000000000000200000000000000000000000000010000000000
0000000010000000000000000000000000000000200000000000000000000200000000000000000000000000010000000000
0000000010000000000000000000000000000000200000000000000000000200000000000000000000000000010000000000
0000000010000000000000000000000000000000200000000000000000000200000000000000000000000000010000000000
0000000010000000000000000000000000000000200000000000000000000200000000000000000000000000010000000000
0000000010000000000000000000000000000000200000000000000000000200000000000000000000000000010000000000
0000000010000000000000000000000000000000200000000000000000000200000000000000000000000000010000000000
0000000010000000000000000000000000000000200000000000000000000200000000000000000000000000010000000000
0000000010000000000000000000000000000000200000000000000000000200000000000000000000000000010000000000
0000000010000000000000000000000000000000200000000000000000000200000000000000000000000000010000000000
0000000010000000000000000000000000000000200000000000000000000200000000000000000000000000010000000000
0000000010000000000000000000000000000000200000000000000000000200000000000000000000000000010000000000
0000000010000000000000000000000000000000200000000000000000000200000000000000000000000000010000000000
0000000010000000000000000000000000000000200000000000000000000200000000000000000000000000010000000000
0000000010000000000000000000000000000000200000000000000000000200000000000000000000000000010000000000
0000000010000000000000000000000000000000200000000000000000000200000000000000000000000000010000000000
0000000010000000000000000000000000000000200000000000000000000200000000000000000000000000010000000000
0000000010000000000000000000000000000000200000000000000000000200000000000000000000000000010000000000
0000000010000000000000000000000000000000222222222222222222222200000000000000000000000000010000000000
0000000010000000000000000000000000000000000000000000000000000000000000000000000000000000010000000000
0000000010000000000000000000000000000000000000000000000000000000000000000000000000000000010000000000
0000000010000000000000000000000000000000000000000000000000000000000000000000000000000000010000000000
0000000010000000000000000000000000000000000000000000000000000000000000000000000000000000010000000000
0000000010000000000000000000000000000000000000000000000000000000000000000000000000000000010000000000
0000000010000000000000000000000000000000000000000000000000000000000000000000000000000000010000000000
0000000010000000000000000000000000000000000000000000000000000000000000000000000000000000010000000000
0000000010000000000000000000000000000000000000000000000000000000000000000000000000000000010000000000
0000000010000000000000000000000000000000000000000000000000000000000000000000000000000000010000000000
0000000010000000000000000000000000000000000000000000000000000000000000000000000000000000010000000000
0000000010000000000000000000000000000000000000000000000000000000000000000000000000000000010000000000
0000000010000000000000000000000000000000000000000000000000000000000000000000000000000000010000000000
0000000010000000000000000000000000000000000000000000000000000000000000000000000000000000010000000000
0000000010000000000000000000000000000000000000000000000000000000000000000000000000000000010000000000
0000000010000000000000000000000000000000000000000000000000000000000000000000000000000000010000000000
0000000010000000000000000000000000000000000000000000000000000000000000000000000000000000010000000000
0000000010000000000000000000000000000000000000000000000000000000000000000000000000000000010000000000
0000000010000000000000000000000000000000000000000000000000000000000000000000000000000000010000000000
0000000010000000000000000000000000000000000000000000000000000000000000000000000000000000010000000000
0000000010000000000000000000000000000000000000000000000000000000000000000000000000000000010000000000
0000000010000000000000000000000000000000000000000000000000000000000000000000000000000000010000000000
0000000010000000000000000000000000000000000000000000000000000000000000000000000000000000010000000000
0000000010000000000000000000000000000000000000000000000000000000000000000000000000000000010000000000
0000000010000000000000000000000000000000000000000000000000000000000000000000000000000000010000000000
0000000010000000000000000000000000000000000000000000000000000000000000000000000000000000010000000000
0000000010000000000000000000000000000000000000000000000000000000000000000000000000000000010000000000
0000000010000000000000000000000000000000000000000000000000000000000000000000000000000000010000000000
0000000010000000000000000000000000000000000000000000000000000000000000000000000000000000010000000000
0000000011111111111111111111111111111111111111111111111111111111111111111111111111111111110000000000
0000000000000000000000000000000000000000000000000000000000000000000000000000000000000000000000000000
0000000000000000000000000000000000000000000000000000000000000000000000000000000000000000000000000000
0000000000000000000000000000000000000000000000000000000000000000000000000000000000000000000000000000
0000000000000000000000000000000000000000000000000000000000000000000000000000000000000000000000000000