0000000000000000000000000000000000000000000000000000000000000000000000000000000000000000000000000000
0000000000000000000000000000000000000000000000000000000000000000000000000000000000000000000000000000
0000000000000000000000000000000000000000000000000000000000000000000000000000000000000000000000000000
0000000000000000000000000000100000001010000000000000000000000000000000000000000000000000000000000000
0000000000000000000000001111011111110101111111111011111111101111010010000000000000000000000000000000
0000000001111111111111110000000000000000000000000100000000010000101101111111111111011110110000000000
0000000001000000000000000000000000000000000000000000000000000000000000000000000000000000010000000000
0000000001000000000000000000000000000000000000000000000000000000000000000000000000000000010000000000
0000000001000000000000000000000000000000000000000000000000000000000000000000000000000000010000000000
0000000001000000000000000000000000000000000000000000000000000000000000000000000000000000010000000000
0000000001000000000000000000000000000000000000000000000000000000000000000000000000000000010000000000
0000000001000000000000000000000000000000000000000000000000000000000000000000000000000000010000000000
0000000001000000000000000000000000000000000000000000000000000000000000000000000000000000010000000000
0000000001000000000000000000000000000000000000000000000000000000000000000000000000000000010000000000
0000000001000000000000000000000000000000000000000000000000000000000000000000000000000000010000000000
0000000001000000000000000000000000000000000000000000000000000000000000000000000000000000010000000000
0000000001000000000000000000000000000000000000000000000000000000000000000000000000000000010000000000
0000000001000000000000000000000000000000000000000000000000000000000000000000000000000000010000000000
0000000001000000000000000000000000000000000000000000000000000000000000000000000000000000010000000000
0000000001000000000000000000000000000000000000000000000000000000000000000000000000000000010000000000
0000000011000000000000000000000000000000000000000000000000000000000000000000000000000000010000000000
0000000001000000000000000000000000000000000000000000000000000000000000000000000000000000010000000000
0000000001000000000000000000000000000000000000000000000000000000000000000000000000000000010000000000
0000000001000000000000000000000000000000000000000000000000000000000000000000000000000000010000000000
0000000000100000000000000000000000000000000000000000000000000000000000000000000000000000010000000000
0000000001000000000000000000000000000000000000000000000000000000000000000000000000000000010000000000
0000000001000000000000000000000000000000000000000000000000000000000000000000000000000000010000000000
0000000000000000000000000000000000000000000000000000000000000000000000000000000000000000010000000000
0000000001000000000000000000000000000000000000000000000000000000000000000000000000000000010000000000
0000000001000000000000000000000000000000000000000000000000000000000000000000000000000000010000000000
0000000001000000000000000000000000000000000000000000000000000000000000000000000000000000010000000000
0000000000000000000000000000000000000000000000000000000000000000000000000000000000000000010000000000
0000000001100000000000000000000000000000000000000000000000000000000000000000000000000000010000000000
0000000001000000000000000000000000000000000000000000000000100000000000000000000000000000010000000000
0000000001000000000000000000000000000000100000000000000000100000000000000000000000000000010000000000
0000000000100000000000000000000000000001000000000000000000010000000000000000000000000000110000000000
0000000001100000000000000000000000000000000000000000000000010000000000000000000000000000010000000000
0000000000100000000000000000000000000000000000000000000000000000000000000000000000000000010000000000
0000000001000000000000000000000000000000000000000000000000000000000000000000000000000000010000000000
0000000001000000000000000000000000000000000000000000000000000000000000000000000000000000010000000000
0000000001100000000000000000000000000000000000000000000000000000000000000000000000000000101000000000
0000000001000000000000000000000000000000000000000000000000000000000000000000000000000000010000000000
0000000001000000000000000000000000000000000000000000000000000000000000000000000000000000010000000000
0000000001100000000000000000000000000000000000000000000000000000000000000000000000000000011000000000
0000000000100000000000000000000000000000000000000000000000000000000000000000000000000000010000000000
0000000001000000000000000000000000000000000000000000000000000000000000000000000000000000010000000000
0000000000100000000000000000000000000000000000000000000000000000000000000000000000000000010000000000
0000000001000000000000000000000000000000000000000000000000000000000000000000000000000000010000000000
0000000000100000000000000000000000000000000000000000000000000000000000000000000000000000010000000000
0000000001000000000000000000000000000000000000000000000000000000000000000000000000000000010000000000
0000000001100000000000000000000000000000000000000000000000000000000000000000000000000000010000000000
0000000000100000000000000000000000000000000000000000000000000000000000000000000000000000100000000000
0000000001100000000000000000000000000000000000000000000000000000000000000000000000000000110000000000
0000000000100000000000000000000000000000000000000000000000000000000000000000000000000000010000000000
0000000000100000000000000000000000000000000000000000000000000000000000000000000000000000110000000000
0000000000100000000000000000000000000000000000000000000000000000000000000000000000000000010000000000
0000000000100000000000000000000000000000000000000000000000000000000000000000000000000000010000000000
0000000001000000000000000000000000000000000000000000000000000000000000000000000000000000110000000000
0000000001000000000000000000000000000000000000000000000000000000000000000000000000000000010000000000
0000000000100000000000000000000000000000000000000000000000000000000000000000000000000000110000000000
0000000000100000000000000000000000000000000000000000000000000000000000000000000000000000100000000000
0000000001100000000000000000000000000000000000000000000000000000000000000000000000000000010000000000
0000000001000000000000000000000000000000000000000000000000000000000000000000000000000000010000000000
0000000001000000000000000000000000000001000000000000000000000000000000000000000000000000100000000000
0000000000100000000000000000000000000001100000000000000001100000000000000000000000000000100000000000
0000000000100000000000000000000000000001100000000000000000000000000000000000000000000000010000000000
0000000000100000000000000000000000000000000000000000000000000000000000000000000000000000100000000000
0000000000100000000000000000000000000000000000000000000000000000000000000000000000000000010000000000
0000000000100000000000000000000000000000000000000000000000000000000000000000000000000000110000000000
0000000001000000000000000000000000000000000000000000000000000000000000000000000000000000000000000000
0000000001000000000000000000000000000000000000000000000000000000000000000000000000000000010000000000
0000000000100000000000000000000000000000000000000000000000000000000000000000000000000000100000000000
0000000001000000000000000000000000000000000000000000000000000000000000000000000000000000100000000000
0000000000100000000000000000000000000000000000000000000000000000000000000000000000000000010000000000
0000000000100000000000000000000000000000000000000000000000000000000000000000000000000000010000000000
0000000000100000000000000000000000000000000000000000000000000000000000000000000000000000010000000000
0000000000100000000000000000000000000000000000000000000000000000000000000000000000000000010000000000
0000000000100000000000000000000000000000000000000000000000000000000000000000000000000000010000000000
0000000000100000000000000000000000000000000000000000000000000000000000000000000000000000010000000000
0000000000100000000000000000000000000000000000000000000000000000000000000000000000000000010000000000
0000000000100000000000000000000000000000000000000000000000000000000000000000000000000000010000000000
0000000000100000000000000000000000000000000000000000000000000000000000000000000000000000010000000000
0000000000100000000000000000000000000000000000000000000000000000000000000000000000000000010100000000
0000000000100000000000000000000000000000000000000000000000000000000000000000000000000000010000000000
0000000000100000000000000000000000000000000000000000000000000000000000000000000000000000010010000000
0000000000100000000000000000000000000000000000000000000000000000000000000000000000000000010000000000
0000000000100000000000000000000000000000000000000000000000000000000000000000000000000000010000000000
0000000000100000000000000000000000000000000000000000000000000000000000000000000000000000010000000000
0000000000100000000000000000000000000000000000000000000000000000000000000000000000000000010000000000
0000000000100000000000000000000000000000000000000000000000000000000000000000000000000000010000000000
0000000000100000000000000000000000000000000000000000000000000000000000000000000000000000010000000000
0000000000100000000000000000000000000000000000000000000000000000000000000000000000000000010000000000
0000000000100000000000000000000000000000000000000000000000000000000000000000000000000000010000000000
0000000000100000000000000000000000000000000000000000000000000000000000000000000000000000010000000000
0000000000111111111111010010100100000010000000000100001000001100011110111111111111111111110000000000
0000000000000000000000010110110111111111111111111010010111110001100001100000000000000000000000000000
0000000000000000000000000000000000000000000000000001100000000000000000000000000000000000000000000000
0000000000000000000000000000000000000000000000000000000000000000000000000000000001000000000000000000
0000000000000000000000000000000000000000000000000000000000000000000000000000000000000000000000000000
0000000000000000000000000000000000000000000000000000000000000000000000000000000000000000000000000000

