0000000000000000000000000000000000000000000000000000000000000000000000000000000000000000000000000000
0000000000000000000000000000000000000000000000000000000000000000000000000000000000000000000000000000
0000000000000000000000000000000000000000000000000000000000000000000000000000000000000000000000000000
0000000000000000000000000000000000000000000000000000000000000000000000000000000000000000000000000000
0000000000000000000000000000000000000000000000000000000000100000000000000000000000000000000000000000
0000000000000000000000000000000000000000000000001010011111011111111111111111101111110111101100000000
0000000000100100110100001010111111011000011111110111100000000000000000000000000000000000000000000000
0000000000001010001001110101000000100111100000000000000000000000000000000000000000000000001000000000
0000000000100000000000000000000000000000000000000000000000000000000000000000000000000000000100000000
0000000000000000000000000000000000000000000000000000000000000000000000000000000000000000000000000000
0000000000010000000000000000000000000000000000000000000000000000000000000000000000000000001000000000
0000000000010000000000000000000000000000000000000000000000000000000000000000000000000000001000000000
0000000000010000000000000000000000000000000000000000000000000000000000000000000000000000000000000000
0000000000000000000000000000000000000000000000000000000000000000000000000000000000000000001000000000
0000000000010000000000000000000000000000000000000000000000000000000000000000000000000000001000000000
0000000000010000000000000000000000000000000000000000000000000000000000000000000000000000001000000000
0000000000010000000000000000000000000000000000000000000000000000000000000000000000000000000000000000
0000000000010000000000000000000000000000000000000000000000000000000000000000000000000000001000000000
0000000000000000000000000000000000000000000000000000000000000000000000000000000000000000001000000000
0000000000010000000000000000000000000000000000000000000000000000000000000000000000000000001000000000
0000000000010000000000000000000000000000000000000000000000000000000000000000000000000000001000000000
0000000000010000000000000000000000000000000000000000000000000000000000000000000000000000001000000000
0000000000010000000000000000000000000000000000000000000000000000000000000000000000000000001000000000
0000000000010000000000000000000000000000000000000000000000000000000000000000000000000000001000000000
0000000000010000000000000000000000000000000000000000000000000000000000000000000000000000001000000000
0000000000010000000000000000000000000000000000000000000000000000000000000000000000000000001000000000
0000000000010000000000000000000000000000000000000000000000000000000000000000000000000000001000000000
0000000000110000000000000000000000000000000000000000000000000000000000000000000000000000000100000000
0000000000100000000000000000000000000000000000000000000000000000000000000000000000000000001000000000
0000000000010000000000000000000000000000000000000000000000000000000000000000000000000000000100000000
0000000000010000000000000000000000000000000000000000000000000000000000000000000000000000001000000000
0000000000010000000000000000000000000000000000000000000000000000000000000000000000000000000100000000
0000000000100000000000000000000000000000000000000000000000000000000000000000000000000000000100000000
0000000000100000000000000000000000000000000000000000000000000000000000000000000000000000001000000000
0000000000100000000000000000000000000000000000000000000000000000000000000000000000000000001000000000
0000000000010000000000000000000000000000000000000000000000000000000000000000000000000000000100000000
0000000000100000000000000000000000000000000000000000000000000000000000000000000000000000000100000000
0000000001000000000000000000000000000000000000000000000000000000000000000000000000000000000100000000
0000000000010000000000000000000000000000000000000000000000000000000000000000000000000000000100000000
0000000000100000000000000000000000000000000000000000000000000000000000000000000000000000000100000000
0000000000100000000000000000000000000000000000000000000000000000000000000000000000000000001000000000
0000000000010000000000000000000000000000000000000000000000000000000000000000000000000000000100000000
0000000000110000000000000000000000000000000000000000000000000000000000000000000000000000000100000000
0000000000010000000000000000000000000000000000000000000000000000000000000000000000000000000100000000
0000000000010000000000000000000000000000000000000000000000000000000000000000000000000000001100000000
0000000000110000000000000000000000000000000000000000000000000000000000000000000000000000000100000000
0000000000100000000000000000000000000000000000000000000000000000000000000000000000000000001000000000
0000000000010000000000000000000000000000000000000000000000000000000000000000000000000000000100000000
0000000000010000000000000000000000000000000000000000000000000000000000000000000000000000001000000000
0000000000110000000000000000000000000000000000000000000000000000000000000000000000000000001000000000
0000000000010000000000000000000000000000000000000000000000000000000000000000000000000000001000000000
0000000000010000000000000000000000000000000000000000000000000000000000000000000000000000001000000000
0000000000010000000000000000000000000000000000000000000000000000000000000000000000000000001000000000
0000000000010000000000000000000000000000000000000000000000000000000000000000000000000000001000000000
0000000000100000000000000000000000000000000000000000000000000000000000000000000000000000001000000000
0000000000110000000000000000000000000000000000000000000000000000000000000000000000000000001000000000
0000000000010000000000000000000000000000000000000000000000000000000000000000000000000000001000000000
0000000000011000000000000000000000000000000000000000000000000000000000000000000000000000001000000000
0000000000010000000000000000000000000000000000000000000000000000000000000000000000000000001000000000
0000000000010000000000000000000000000000000000000000000000000000000000000000000000000000001000000000
0000000000001000000000000000000000000000000000000000000000000000000000000000000000000000001000000000
0000000000011000000000000000000000000000000000000000000000000000000000000000000000000000001000000000
0000000000001000000000000000000000000000000000000000000000000000000000000000000000000000001000000000
0000000000001000000000000000000000000000000000000000000000000000000000000000000000000000001000000000
0000000000001000000000000000000000000000000000000000000000000000000000000000000000000000001000000000
0000000000000100000000000000000000000000000000000000000000000000000000000000000000000000011000000000
0000000000001100000000000000000000000000000000000000000000000000000000000000000000000000001000000000
0000000000000100000000000000000000000000000000000000000000000000000000000000000000000000010000000000
0000000000000100000000000000000000000000000000000000000000000000000000000000000000000000010000000000
0000000000000100000000000000000000000000000000000000000000000000000000000000000000000000010000000000
0000000000001100000000000000000000000000000000000000000000000000000000000000000000000000001000000000
0000000000001000000000000000000000000000000000000000000000000000000000000000000000000000001000000000
0000000000000100000000000000000000000000000000000000000000000000000000000000000000000000011000000000
0000000000001000000000000000000000000000000000000000000000000000000000000000000000000000010000000000
0000000000000100000000000000000000000000000000000000000000000000000000000000000000000000010000000000
0000000000000100000000000000000000000000000000000000000000000000000000000000000000000000010000000000
0000000000000100000000000000000000000000000000000000000000000000000000000000000000000000010000000000
0000000000000100000000000000000000000000000000000000000000000000000000000000000000000000010000000000
0000000000000100000000000000000000000000000000000000000000000000000000000000000000000000010000000000
0000000000000100000000000000000000000000000000000000000000000000000000000000000000000000010000000000
0000000000000100000000000000000000000000000000000000000000000000000000000000000000000000000000000000
0000000000000100000000000000000000000000000000000000000000000000000000000000000000000000010000000000
0000000000000000000000000000000000000000000000000000000000000000000000000000000000000000010000000000
0000000000000100000000000000000000000000000000000000000000000000000000000000000000000000010000000000
0000000000000100000000000000000000000000000000000000000000000000000000000000000000000000010000000000
0000000000000100000000000000000000000000000000000000000000000000000000000000000000000000000000000000
0000000000000000000000000000000000000000000000000000000000000000000000000000000000000000001000000000
0000000000001000000000000000000000000000000000000000000000000000000000000000000000000000010000000000
0000000000001000000000000000000000000000000000000000000000000000000000000000000000000000000000000000
0000000000001000000000000000000000000000000000000000000000000000000000000000000000000000001000000000
0000000000000000000000000000000000000000000000000000000000000000000000000000000000000000001000000000
0000000000001000000000000000000000000000000000000000000000000000000000000000000000000000010000000000
0000000000000000000000000000000000000000000000000000000000001010100100000000000000000000000000000000
0000000000001000000000001111011111111111111000000000000000001101011011111000000000000000010000000000
0000000000001011101111100001000000000000000000000000000000110000000000000111011110111100010000000000
0000000000000000000000000000000000000000000000000000000000000000000000000000000000000001010000000000
0000000000000000000000000000000000000000000000000000000000000000000000000000000000000000000000000000
0000000000000000000000000000000000000000000000000000000000000000000000000000000000000000000000000000
0000000000000000000000000000000000000000000000000000000000000000000000000000000000000000000000000000
0000000000000000000000000000000000000000000000000000000000000000000000000000000000000000000000000000
