0000000000000000000000000000000000000000000000000000000000000000000000000000000000000000000000000000
0000000000000000000000000000000000000000000000000000000000000000000000000000000000000000000000000000
0000000000000000000000000000000000000000000000000000000000000000000000000000000000000000000000000000
0000000000000000000000000000000000000000000000000000000000000000000000000000000000000000000000000000
0000000000000000000000000000000000000000000000000000000000000000000000000000000000000000000000000000
0000000000000000000000000000000000000000000000010110111111101111111111111111110111110111101100000000
0000000000100001001111010011010111110111010111111011000000010000000000000000000000000000000000000000
0000000000001101010000001100101000001100111000000000000000000000000000000000000000000000000100000000
0000000000100000000000000000000000000000000000000000000000000000000000000000000000000000000100000000
0000000000100000000000000000000000000000000000000000000000000000000000000000000000000000000000000000
0000000000000000000000000000000000000000000000000000000000000000000000000000000000000000000100000000
0000000000100000000000000000000000000000000000000000000000000000000000000000000000000000000000000000
0000000000000000000000000000000000000000000000000000000000000000000000000000000000000000001000000000
0000000000010000000000000000000000000000000000000000000000000000000000000000000000000000001000000000
0000000000010000000000000000000000000000000000000000000000000000000000000000000000000000000100000000
0000000000010000000000000000000000000000000000000000000000000000000000000000000000000000001000000000
0000000000010000000000000000000000000000000000000000000000000000000000000000000000000000001000000000
0000000000010000000000000000000000000000000000000000000000000000000000000000000000000000000000000000
0000000000000000000000000000000000000000000000000000000000000000000000000000000000000000001000000000
0000000000010000000000000000000000000000000000000000000000000000000000000000000000000000001000000000
0000000000000000000000000000000000000000000000000000000000000000000000000000000000000000001000000000
0000000000010000000000000000000000000000000000000000000000000000000000000000000000000000001000000000
0000000000010000000000000000000000000000000000000000000000000000000000000000000000000000001000000000
0000000000010000000000000000000000000000000000000000000000000000000000000000000000000000001000000000
0000000000010000000000000000000000000000000000000000000000000000000000000000000000000000001000000000
0000000000010000000000000000000000000000000000000000000000000000000000000000000000000000001000000000
0000000000110000000000000000000000000000000000000000000000000000000000000000000000000000001000000000
0000000000100000000000000000000000000000000000000000000000000000000000000000000000000000001000000000
0000000000100000000000000000000000000000000000000000000000000000000000000000000000000000000100000000
0000000000010000000000000000000000000000000000000000000000000000000000000000000000000000000100000000
0000000000010000000000000000000000000000000000000000000000000000000000000000000000000000001000000000
0000000000010000000000000000000000000000000000000000000000000000000000000000000000000000001000000000
0000000000110000000000000000000000000000000000000000000000000000000000000000000000000000001000000000
0000000000010000000000000000000000000000000000000000000000000000000000000000000000000000001000000000
0000000000100000000000000000000000000000000000000000000000000000000000000000000000000000001000000000
0000000000100000000000000000000000000000000000000000000000000000000000000000000000000000000100000000
0000000000010000000000000000000000000000000000000000000000000000000000000000000000000000001000000000
0000000000101000000000000000000000000000000000000000000000000000000000000000000000000000000100000000
0000000000010000000000000000000000000000000000000000000000000000000000000000000000000000000100000000
0000000000100000000000000000000000000000000000000000000000000000000000000000000000000000000100000000
0000000000010000000000000000000000000000000000000000000000000000000000000000000000000000001000000000
0000000000010000000000000000000000000000000000000000000000000000000000000000000000000000001000000000
0000000000100000000000000000000000000000000000000000000000000000000000000000000000000000001100000000
0000000000010000000000000000000000000000000000000000000000000000000000000000000000000000001000000000
0000000000100000000000000000000000000000000000000000000000000000000000000000000000000000000100000000
0000000000110000000000000000000000000000000000000000000000000000000000000000000000000000001000000000
0000000000010000000000000000000000000000000000000000000000000000000000000000000000000000000100000000
0000000000110000000000000000000000000000000000000000000000000000000000000000000000000000001100000000
0000000000100000000000000000000000000000000000000000000000000000000000000000000000000000000100000000
0000000000110000000000000000000000000000000000000000000000000000000000000000000000000000001100000000
0000000000010000000000000000000000000000000000000000000000000000000000000000000000000000000100000000
0000000000010000000000000000000000000000000000000000000000000000000000000000000000000000001000000000
0000000000001000000000000000000000000000000000000000000000000000000000000000000000000000001000000000
0000000000010000000000000000000000000000000000000000000000000000000000000000000000000000001000000000
0000000000010000000000000000000000000000000000000000000000000000000000000000000000000000001000000000
0000000000010000000000000000000000000000000000000000000000000000000000000000000000000000001000000000
0000000000001000000000000000000000000000000000000000000000000000000000000000000000000000001100000000
0000000000010000000000000000000000000000000000000000000000000000000000000000000000000000001000000000
0000000000010000000000000000000000000000000000000000000000000000000000000000000000000000001000000000
0000000000010000000000000000000000000000000000000000000000000000000000000000000000000000001000000000
0000000000010000000000000000000000000000000000000000000000000000000000000000000000000000001000000000
0000000000001000000000000000000000000000000000000000000000000000000000000000000000000000001000000000
0000000000001000000000000000000000000000000000000000000000000000000000000000000000000000001000000000
0000000000011000000000000000000000000000000000000000000000000000000000000000000000000000001000000000
0000000000001100000000000000000000000000000000000000000000000000000000000000000000000000001000000000
0000000000000100000000000000000000000000000000000000000000000000000000000000000000000000010100000000
0000000000000100000000000000000000000000000000000000000000000000000000000000000000000000010000000000
0000000000000100000000000000000000000000000000000000000000000000000000000000000000000000010000000000
0000000000001000000000000000000000000000000000000000000000000000000000000000000000000000010000000000
0000000000000100000000000000000000000000000000000000000000000000000000000000000000000000001000000000
0000000000001100000000000000000000000000000000000000000000000000000000000000000000000000010000000000
0000000000000100000000000000000000000000000000000000000000000000000000000000000000000000010000000000
0000000000000100000000000000000000000000000000000000000000000000000000000000000000000000010000000000
0000000000000100000000000000000000000000000000000000000000000000000000000000000000000000010000000000
0000000000000100000000000000000000000000000000000000000000000000000000000000000000000000010000000000
0000000000000100000000000000000000000000000000000000000000000000000000000000000000000000010000000000
0000000000000100000000000000000000000000000000000000000000000000000000000000000000000000010000000000
0000000000000100000000000000000000000000000000000000000000000000000000000000000000000000010000000000
0000000000000100000000000000000000000000000000000000000000000000000000000000000000000000010000000000
0000000000000100000000000000000000000000000000000000000000000000000000000000000000000000000000000000
0000000000000100000000000000000000000000000000000000000000000000000000000000000000000000010000000000
0000000000000100000000000000000000000000000000000000000000000000000000000000000000000000010000000000
0000000000000000000000000000000000000000000000000000000000000000000000000000000000000000010000000000
0000000000000100000000000000000000000000000000000000000000000000000000000000000000000000010000000000
0000000000001000000000000000000000000000000000000000000000000000000000000000000000000000010000000000
0000000000001000000000000000000000000000000000000000000000000000000000000000000000000000000000000000
0000000000000000000000000000000000000000000000000000000000000000000000000000000000000000010000000000
0000000000001000000000000000000000000000000000000000000000000000000000000000000000000000010000000000
0000000000001000000000000000000000000000000000000000000000000000000000000000000000000000010000000000
0000000000000000000000000000000000000000000000000000000000000000000000000000000000000000000000000000
0000000000001000000000000000000000000000000000000000000000000000000000000000000000000000010000000000
0000000000001000000000000000000000000000000000000000000000000000000000000000000000000000010000000000
0000000000000000000000000000000000000000000000000000000000000000000000000000000000000000000000000000
0000000000000000000000000001010111111111111000000000001001111111111111111000000000000000010000000000
0000000000011011101111111101010000000000001111111111110111000000000000000110111110101000010000000000
0000000000000000000000000000000000000000000000000000000000000000000000000000000000010011100000000000
0000000000000000000000000000000000000000000000000000000000000000000000000000000000000000000000000000
0000000000000000000000000000000000000000000000000000000000000000000000000000000000000000000000000000
0000000000000000000000000000000000000000000000000000000000000000000000000000000000000000000000000000
0000000000000000000000000000000000000000000000000000000000000000000000000000000000000000000000000000
